[11, 2, 2146]
[11, 1, 2628]
[11, 4, 1625]
[11, 3, 6700]
[16, 6, 493]
[16, 5, 671]
[1, 7, 456]
[16, 7, 201]
[1, 5, 1522]
[10, 16, 719]
[1, 6, 8417]
[10, 14, 3787]
[10, 15, 2192]
[16, 9, 637]
[16, 8, 7371]
[1, 12, 1137]
[16, 11, 859]
[1, 11, 1897]
[16, 10, 676]
[1, 14, 7978]
[16, 13, 945]
[1, 13, 2601]
[16, 12, 777]
[16, 15, 1644]
[1, 15, 39223]
[15, 16, 1498]
[16, 14, 1039]
[10, 10, 131581]
[10, 11, 5515]
[11, 0, 16849]
[10, 12, 1997]
[10, 13, 1274]
[1, 8, 9791]
[2, 0, 7275]
[1, 10, 1356]
[10, 8, 18286]
[1, 9, 1497]
[10, 9, 3650]
[10, 7, 2974]
[6, 16, 414]
[16, 16, 57971]
[15, 9, 1683]
[1, 0, 11377]
[15, 10, 1509]
[15, 8, 10915]
[15, 15, 255444]
[15, 13, 3114]
[15, 14, 7047]
[10, 5, 7121]
[15, 11, 2420]
[10, 6, 941]
[15, 12, 1518]
[10, 4, 907]
[7, 16, 262]
[10, 1, 1747]
[10, 2, 1917]
[10, 3, 3340]
[6, 10, 594]
[6, 9, 599]
[6, 12, 469]
[6, 11, 837]
[6, 8, 3330]
[15, 6, 6003]
[15, 5, 1716]
[1, 2, 4442]
[6, 14, 5624]
[1, 1, 292440]
[6, 13, 696]
[1, 4, 993]
[1, 3, 1794]
[6, 15, 5588]
[9, 16, 665]
[15, 7, 450]
[7, 9, 596]
[7, 8, 4417]
[9, 13, 1186]
[9, 14, 3046]
[9, 15, 2149]
[6, 6, 84553]
[7, 15, 733]
[7, 14, 811]
[7, 13, 550]
[7, 12, 1106]
[6, 5, 528]
[7, 11, 4392]
[7, 10, 3590]
[14, 16, 1055]
[6, 7, 143]
[9, 9, 129949]
[15, 3, 2279]
[9, 10, 3707]
[10, 0, 11240]
[15, 4, 995]
[9, 11, 2328]
[15, 1, 40114]
[9, 12, 1119]
[15, 2, 6730]
[9, 8, 23726]
[7, 6, 245]
[7, 5, 8374]
[9, 7, 445]
[7, 7, 25001]
[5, 16, 636]
[6, 4, 224]
[14, 8, 14110]
[6, 3, 714]
[14, 9, 2739]
[6, 2, 2461]
[6, 1, 7879]
[9, 6, 815]
[14, 14, 196063]
[14, 15, 8299]
[14, 12, 1234]
[14, 13, 1510]
[14, 10, 3311]
[15, 0, 10101]
[9, 5, 1629]
[14, 11, 2819]
[9, 3, 4360]
[9, 4, 684]
[9, 1, 1760]
[9, 2, 1515]
[5, 9, 1829]
[7, 3, 754]
[5, 8, 10600]
[7, 2, 623]
[5, 11, 12594]
[7, 1, 701]
[5, 10, 7420]
[6, 0, 3601]
[14, 5, 2454]
[14, 6, 7696]
[4, 15, 1172]
[4, 14, 667]
[5, 13, 1647]
[5, 12, 3727]
[5, 15, 2465]
[5, 14, 3276]
[7, 4, 578]
[4, 9, 586]
[4, 8, 6044]
[8, 16, 6589]
[14, 7, 546]
[4, 13, 27817]
[4, 12, 4850]
[4, 11, 1262]
[4, 10, 714]
[8, 15, 16060]
[8, 14, 18296]
[8, 13, 12695]
[8, 12, 14283]
[14, 4, 728]
[5, 6, 717]
[5, 5, 120239]
[7, 0, 4284]
[13, 16, 1048]
[5, 7, 5106]
[14, 2, 37183]
[14, 3, 2967]
[9, 0, 17294]
[4, 16, 770]
[14, 1, 8555]
[8, 11, 29688]
[8, 10, 18671]
[8, 9, 22900]
[8, 8, 1164253]
[8, 7, 3874]
[4, 3, 1218]
[5, 3, 2015]
[4, 2, 547]
[5, 2, 1897]
[4, 1, 973]
[13, 8, 10927]
[5, 4, 1196]
[5, 1, 1860]
[4, 4, 124595]
[13, 14, 1365]
[13, 13, 147531]
[3, 16, 1434]
[13, 15, 3670]
[13, 10, 1053]
[13, 9, 988]
[8, 6, 5732]
[13, 12, 4279]
[8, 5, 12981]
[13, 11, 2218]
[14, 0, 11028]
[8, 1, 14359]
[8, 4, 8587]
[8, 3, 50794]
[8, 2, 11761]
[5, 0, 9651]
[13, 5, 1353]
[4, 7, 359]
[4, 6, 308]
[13, 7, 397]
[4, 5, 976]
[13, 6, 774]
[0, 8, 182996]
[0, 10, 12122]
[0, 9, 17015]
[0, 12, 12450]
[13, 4, 25774]
[0, 11, 16965]
[13, 3, 2575]
[0, 14, 14547]
[0, 13, 11011]
[3, 7, 605]
[12, 16, 847]
[0, 15, 15845]
[3, 5, 2085]
[13, 2, 852]
[13, 1, 2679]
[8, 0, 248410]
[3, 6, 867]
[0, 16, 7273]
[3, 15, 2793]
[3, 13, 2800]
[3, 14, 3065]
[12, 13, 4503]
[3, 8, 50264]
[12, 12, 154520]
[12, 15, 1834]
[12, 14, 1201]
[3, 11, 5561]
[12, 9, 1017]
[3, 12, 2753]
[12, 8, 11939]
[3, 9, 3855]
[4, 0, 6317]
[12, 11, 4569]
[3, 10, 2890]
[12, 10, 1587]
[13, 0, 9597]
[2, 14, 31741]
[2, 15, 6835]
[2, 12, 700]
[2, 13, 736]
[0, 2, 12775]
[0, 1, 18040]
[0, 4, 9369]
[0, 3, 28403]
[12, 7, 726]
[2, 10, 1355]
[3, 0, 33654]
[12, 6, 484]
[2, 11, 1404]
[12, 5, 3155]
[2, 8, 7094]
[2, 9, 1206]
[0, 5, 12230]
[0, 6, 6025]
[12, 3, 2576]
[12, 2, 785]
[0, 7, 3747]
[12, 4, 4430]
[3, 1, 2333]
[3, 2, 1717]
[11, 16, 895]
[3, 3, 238184]
[3, 4, 1680]
[2, 16, 919]
[12, 1, 1239]
[11, 15, 3380]
[16, 0, 7427]
[2, 1, 4021]
[2, 4, 466]
[2, 2, 179895]
[2, 3, 1178]
[11, 12, 5110]
[11, 11, 162240]
[1, 16, 1965]
[11, 14, 3551]
[11, 13, 2933]
[11, 8, 29392]
[11, 10, 5608]
[12, 0, 10201]
[11, 9, 2607]
[0, 0, 809202]
[2, 7, 362]
[16, 1, 2191]
[16, 3, 1737]
[16, 2, 1099]
[16, 4, 811]
[11, 7, 3844]
[11, 5, 12510]
[2, 5, 1279]
[2, 6, 2435]
[11, 6, 1358]
