[44, 27, 2146]
[44, 26, 2628]
[44, 29, 1625]
[44, 28, 6700]
[50, 31, 493]
[50, 30, 671]
[26, 36, 456]
[50, 36, 201]
[26, 30, 1522]
[43, 50, 719]
[26, 31, 8417]
[43, 47, 3787]
[43, 48, 2192]
[50, 42, 637]
[50, 41, 7371]
[26, 45, 1137]
[50, 44, 859]
[26, 44, 1897]
[50, 43, 676]
[26, 47, 7978]
[50, 46, 945]
[26, 46, 2601]
[50, 45, 777]
[50, 48, 1644]
[26, 48, 39223]
[48, 50, 1498]
[50, 47, 1039]
[43, 43, 131581]
[43, 44, 5515]
[44, 11, 16849]
[43, 45, 1997]
[43, 46, 1274]
[26, 41, 9791]
[27, 11, 7275]
[26, 43, 1356]
[43, 41, 18286]
[26, 42, 1497]
[43, 42, 3650]
[43, 36, 2974]
[31, 50, 414]
[50, 50, 57971]
[48, 42, 1683]
[26, 11, 11377]
[48, 43, 1509]
[48, 41, 10915]
[48, 48, 255444]
[48, 46, 3114]
[48, 47, 7047]
[43, 30, 7121]
[48, 44, 2420]
[43, 31, 941]
[48, 45, 1518]
[43, 29, 907]
[36, 50, 262]
[43, 26, 1747]
[43, 27, 1917]
[43, 28, 3340]
[31, 43, 594]
[31, 42, 599]
[31, 45, 469]
[31, 44, 837]
[31, 41, 3330]
[48, 31, 6003]
[48, 30, 1716]
[26, 27, 4442]
[31, 47, 5624]
[26, 26, 292440]
[31, 46, 696]
[26, 29, 993]
[26, 28, 1794]
[31, 48, 5588]
[42, 50, 665]
[48, 36, 450]
[36, 42, 596]
[36, 41, 4417]
[42, 46, 1186]
[42, 47, 3046]
[42, 48, 2149]
[31, 31, 84553]
[36, 48, 733]
[36, 47, 811]
[36, 46, 550]
[36, 45, 1106]
[31, 30, 528]
[36, 44, 4392]
[36, 43, 3590]
[47, 50, 1055]
[31, 36, 143]
[42, 42, 129949]
[48, 28, 2279]
[42, 43, 3707]
[43, 11, 11240]
[48, 29, 995]
[42, 44, 2328]
[48, 26, 40114]
[42, 45, 1119]
[48, 27, 6730]
[42, 41, 23726]
[36, 31, 245]
[36, 30, 8374]
[42, 36, 445]
[36, 36, 25001]
[30, 50, 636]
[31, 29, 224]
[47, 41, 14110]
[31, 28, 714]
[47, 42, 2739]
[31, 27, 2461]
[31, 26, 7879]
[42, 31, 815]
[47, 47, 196063]
[47, 48, 8299]
[47, 45, 1234]
[47, 46, 1510]
[47, 43, 3311]
[48, 11, 10101]
[42, 30, 1629]
[47, 44, 2819]
[42, 28, 4360]
[42, 29, 684]
[42, 26, 1760]
[42, 27, 1515]
[30, 42, 1829]
[36, 28, 754]
[30, 41, 10600]
[36, 27, 623]
[30, 44, 12594]
[36, 26, 701]
[30, 43, 7420]
[31, 11, 3601]
[47, 30, 2454]
[47, 31, 7696]
[29, 48, 1172]
[29, 47, 667]
[30, 46, 1647]
[30, 45, 3727]
[30, 48, 2465]
[30, 47, 3276]
[36, 29, 578]
[29, 42, 586]
[29, 41, 6044]
[41, 50, 6589]
[47, 36, 546]
[29, 46, 27817]
[29, 45, 4850]
[29, 44, 1262]
[29, 43, 714]
[41, 48, 16060]
[41, 47, 18296]
[41, 46, 12695]
[41, 45, 14283]
[47, 29, 728]
[30, 31, 717]
[30, 30, 120239]
[36, 11, 4284]
[46, 50, 1048]
[30, 36, 5106]
[47, 27, 37183]
[47, 28, 2967]
[42, 11, 17294]
[29, 50, 770]
[47, 26, 8555]
[41, 44, 29688]
[41, 43, 18671]
[41, 42, 22900]
[41, 41, 1164253]
[41, 36, 3874]
[29, 28, 1218]
[30, 28, 2015]
[29, 27, 547]
[30, 27, 1897]
[29, 26, 973]
[46, 41, 10927]
[30, 29, 1196]
[30, 26, 1860]
[29, 29, 124595]
[46, 47, 1365]
[46, 46, 147531]
[28, 50, 1434]
[46, 48, 3670]
[46, 43, 1053]
[46, 42, 988]
[41, 31, 5732]
[46, 45, 4279]
[41, 30, 12981]
[46, 44, 2218]
[47, 11, 11028]
[41, 26, 14359]
[41, 29, 8587]
[41, 28, 50794]
[41, 27, 11761]
[30, 11, 9651]
[46, 30, 1353]
[29, 36, 359]
[29, 31, 308]
[46, 36, 397]
[29, 30, 976]
[46, 31, 774]
[11, 41, 182996]
[11, 43, 12122]
[11, 42, 17015]
[11, 45, 12450]
[46, 29, 25774]
[11, 44, 16965]
[46, 28, 2575]
[11, 47, 14547]
[11, 46, 11011]
[28, 36, 605]
[45, 50, 847]
[11, 48, 15845]
[28, 30, 2085]
[46, 27, 852]
[46, 26, 2679]
[41, 11, 248410]
[28, 31, 867]
[11, 50, 7273]
[28, 48, 2793]
[28, 46, 2800]
[28, 47, 3065]
[45, 46, 4503]
[28, 41, 50264]
[45, 45, 154520]
[45, 48, 1834]
[45, 47, 1201]
[28, 44, 5561]
[45, 42, 1017]
[28, 45, 2753]
[45, 41, 11939]
[28, 42, 3855]
[29, 11, 6317]
[45, 44, 4569]
[28, 43, 2890]
[45, 43, 1587]
[46, 11, 9597]
[27, 47, 31741]
[27, 48, 6835]
[27, 45, 700]
[27, 46, 736]
[11, 27, 12775]
[11, 26, 18040]
[11, 29, 9369]
[11, 28, 28403]
[45, 36, 726]
[27, 43, 1355]
[28, 11, 33654]
[45, 31, 484]
[27, 44, 1404]
[45, 30, 3155]
[27, 41, 7094]
[27, 42, 1206]
[11, 30, 12230]
[11, 31, 6025]
[45, 28, 2576]
[45, 27, 785]
[11, 36, 3747]
[45, 29, 4430]
[28, 26, 2333]
[28, 27, 1717]
[44, 50, 895]
[28, 28, 238184]
[28, 29, 1680]
[27, 50, 919]
[45, 26, 1239]
[44, 48, 3380]
[50, 11, 7427]
[27, 26, 4021]
[27, 29, 466]
[27, 27, 179895]
[27, 28, 1178]
[44, 45, 5110]
[44, 44, 162240]
[26, 50, 1965]
[44, 47, 3551]
[44, 46, 2933]
[44, 41, 29392]
[44, 43, 5608]
[45, 11, 10201]
[44, 42, 2607]
[11, 11, 809202]
[27, 36, 362]
[50, 26, 2191]
[50, 28, 1737]
[50, 27, 1099]
[50, 29, 811]
[44, 36, 3844]
[44, 30, 12510]
[27, 30, 1279]
[27, 31, 2435]
[44, 31, 1358]
